function [b,a] = filt_coefs2
% FILT_COEFS
%filter lowpass fs=50Hz & fc=10Hz
b(1) = 0.010312874763;
b(2) = 0.061877248576;
b(3) = 0.154693121440;
b(4) = 0.206257495253;
b(5) = 0.154693121440;
b(6) = 0.061877248576;
b(7) = 0.010312874763;
a(1) = 1.000000000000;
a(2) = -1.187600680176;
a(3) = 1.305213349289;
a(4) = -0.674327525298;
a(5) = 0.263469348280;
a(6) = -0.051753033880;
a(7) = 0.005022526595;
end