function [b,a] = filt_coefs
% FILT_COEFS
b(1) = 0.058918593549;
b(2) = 0.003704122993;
b(3) = -0.130605206968;
b(4) = 0;
b(5) = 0.130605206968;
b(6) = -0.003704122993;
b(7) = -0.058918593549;
a(1) = 1;
a(2) = 0.339893240317;
a(3) = 1.247471159638;
a(4) = 0.315004577848;
a(5) = 0.752494992039;
a(6) = 0.094346011045;
a(7) = 0.145214408359;
end